      0/19     2.17G   0.04363   0.04366   0.02567     0.113        59       640    0.4193    0.4719    0.4185    0.3454   0.01358   0.01375    0.0103
      1/19     3.16G   0.02912   0.03001   0.01728    0.0764        74       640    0.7339    0.6115    0.5904    0.5137   0.01076   0.01137  0.005708
      2/19     3.16G   0.02638   0.02721   0.01532   0.06891        67       640    0.8476    0.5881    0.5774    0.5064   0.01093   0.01161  0.005393
      3/19     3.17G   0.02461   0.02571   0.01441   0.06473        67       640     0.921    0.4973    0.4913    0.4332   0.01196    0.0143  0.005835
      4/19     3.17G   0.02344   0.02461   0.01392   0.06197        71       640    0.9129     0.523    0.5186    0.4611   0.01163   0.01416  0.005331
      5/19     3.17G   0.02279   0.02393   0.01357    0.0603        82       640    0.8923    0.6327    0.6286    0.5547   0.01056   0.01231  0.004628
      6/19     3.17G   0.02237   0.02354   0.01344   0.05934        75       640    0.8725    0.7558    0.7518    0.6519  0.009766   0.01084  0.004129
      7/19     3.17G   0.02196   0.02314   0.01319    0.0583        61       640    0.8582    0.8288    0.8245    0.7132  0.009287      0.01  0.003836
      8/19     3.17G   0.02162   0.02283    0.0131   0.05755        50       640     0.928    0.8105    0.8678    0.7541  0.008926  0.009534  0.003662
      9/19     3.17G   0.02134   0.02255   0.01296   0.05684        58       640    0.9332    0.8414    0.8912    0.7815  0.008487   0.00929  0.003589
     10/19     3.17G   0.02105   0.02226   0.01282   0.05613        73       640    0.9367    0.8653    0.9067    0.8009  0.008251  0.009111  0.003484
     11/19     3.17G   0.02077   0.02197   0.01263   0.05537        62       640    0.9445    0.8748    0.9159    0.8145  0.008018   0.00903  0.003413
     12/19     3.17G   0.02043   0.02173    0.0126   0.05476        54       640    0.9475    0.8833    0.9224    0.8244  0.007826  0.009004  0.003363
     13/19     3.17G   0.02012   0.02134   0.01242   0.05387        75       640    0.9521    0.8878    0.9275     0.833  0.007669  0.009006  0.003328
     14/19     3.17G    0.0198   0.02107   0.01222   0.05309        57       640    0.9595     0.887    0.9307    0.8396   0.00754  0.009017  0.003308
     15/19     3.17G   0.01955   0.02079   0.01215   0.05249        50       640    0.9657     0.888    0.9343     0.845  0.007469  0.009012  0.003287
     16/19     3.17G   0.01932   0.02056   0.01211   0.05199        82       640     0.963     0.895    0.9374    0.8498  0.007436  0.009065  0.003276
     17/19     3.17G   0.01912   0.02035    0.0119   0.05137        47       640    0.9645    0.8971    0.9397    0.8539  0.007387  0.009096  0.003257
     18/19     3.17G   0.01882   0.02005   0.01173    0.0506        79       640    0.9653    0.8978    0.9414    0.8578  0.007339   0.00913   0.00325
     19/19     3.17G   0.01868   0.01989   0.01169   0.05026        47       640    0.9646    0.9022     0.943     0.861  0.007285  0.009143  0.003244
